Event Subrun Run
9545 190 18492
406 8 17201
7353 147 15227
4358 87 16042
2463 49 14290
1350 26 15892
2543 50 14779
4854 97 17851
2940 58 14770
3405 68 14770
3983 79 15339
6651 133 16147
4862 97 17662
4892 97 17662
2675 53 16145
3942 78 15228
6082 121 18515
6657 133 18515
16 0 17652
9220 184 17849
11995 239 17849
12584 251 17849
6128 122 16942
318 6 15910
4264 85 16850
11907 238 16585
11937 238 16585
14014 280 14367
14032 280 14367
6218 124 17093
2923 58 15402
3725 74 14298
9551 191 17990
9599 191 17990
5613 112 14807
14077 281 14807
2925 58 15774
8989 179 17484
1499 29 15634
3426 68 17356
7784 155 17871
11195 223 17871
838 16 16481
850 16 14332
3197 63 16794
351 7 14543
2345 46 15316
5065 101 17137
10905 218 16524
19853 397 16524
1516 30 17317
17601 352 18732
1185 23 17961
1649 32 14886
1702 34 14391
5507 110 17566
14508 290 14902
14414 288 15902
15480 309 15902
5664 113 15057
1136 22 15774
3749 74 15794
3113 62 15676
1303 26 14227
15220 304 14543
306 6 16267
337 6 16267
1480 29 14810
16188 323 18915
3494 69 17365
4283 85 17365
1416 28 18634
15635 312 18794
5964 119 14993
15634 312 18923
1076 21 14694
2638 52 14721
1275 25 17360
3248 64 15251
3780 75 18937
1372 27 14908
3034 60 17663
7500 149 15900
2539 50 14403
161 3 17396
1096 21 17396
2964 59 17307
2966 59 17307
2349 46 15152
15825 316 16919
22749 454 16919
8777 175 15676
1571 31 15463
5845 116 15463
3482 69 16206
4626 92 17185
8791 175 15785
2438 48 18218
6814 136 18948
9979 199 14924
6764 135 15715